1 3 4542 51 3606 5 2 	31.8788
[EMPTY]
1 662 7 112021 4 165 3 512 1188 179 21 192 4 46 21 2441 89 10829 53 3 2164 6 3 23737 7281 36 19 3520 5 2 	197.924
[EMPTY]
1 180 155 3689 155 35 612 4846 22 161 22 3 463 5 2 	71.3508
[EMPTY]
1 3 26663 135 20 429 10 10017 12 310 7 1612 3 143 2479 5 2 	81.6919
[EMPTY]
1 3 689 6 3 72 1983 2267 4 3 28 474 689 8 3 5631 8 730 474 1875 729 7 525 3 219 143 523 344 5 2 	121.672
1 215 18 563 10 3 164 12 335 1411 4 215 155 1330 5 2 	48.5897
[EMPTY]
1 1347 1613 2107 14 24326 6 3 28 49 42 2891 5 2 	84.9545
1 215 14 2439 4 155 160 4 16 135 20 545 10 11 587 12 1247 5 215 2 	64.46
1 215 57 380 23 47 310 17 14 141 137 5 2 	33.7994
[EMPTY]
[EMPTY]
1 299 1764 12 34 1734 388 440 1689 4 67 10 3 10204 12 3362 262 40 5976 1212 7 388 533 4 364 20 7 93 1212 7 158 203 2166 5 2 	225.915
[EMPTY]
[EMPTY]
1 371 3 2166 12 77 3 924 5 2 	46.3951
[EMPTY]
1 215 43688 30129 215 752 4289 40 3 146 9 1266 215 14 3 1218 104 72 215 1028 3 13185 6 3 32899 141 137 1037 4 39 725 19374 317 11 477 24 3 1163 4 141 1453 213 3 508 6 3 742 5 2 	260.048
1 16 82 3 440 12 2560 8 3 1126 12 238 40 181 5 2 	52.9713
[EMPTY]
1 11 1210 195 112590 42 363 10058 3 689 42 423 9 3 6776 14 2934 426 343 5 2 	156.238
1 215 46 21 52 6 112 111 48 142 5 215 2 	40.0741
1 8 183 3 822 3236 1314 5 2 	56.2676
[EMPTY]
[EMPTY]
[EMPTY]
