1 3 4542 51 3606 5 2 	32.121
[EMPTY]
[EMPTY]
[EMPTY]
[EMPTY]
[EMPTY]
[EMPTY]
[EMPTY]
[EMPTY]
1 215 18 563 10 3 164 12 335 1411 4 215 155 1330 5 2 	49.1717
[EMPTY]
[EMPTY]
1 215 14 2439 4 155 160 4 16 135 20 545 10 11 587 12 1247 5 215 2 	69.1045
1 215 57 380 23 47 310 17 14 141 137 5 2 	33.7925
[EMPTY]
[EMPTY]
[EMPTY]
[EMPTY]
[EMPTY]
1 371 3 2166 12 77 3 924 5 2 	48.2613
[EMPTY]
1 215 43688 30129 215 752 4289 40 3 146 9 1266 215 14 3 1218 104 72 215 1028 3 13185 6 3 32899 141 137 1037 4 39 725 19374 317 11 477 24 3 1163 4 141 1453 213 3 508 6 3 742 5 2 	264.548
1 16 82 3 440 12 2560 8 3 1126 12 238 40 181 5 2 	54.193
[EMPTY]
[EMPTY]
1 215 46 21 52 6 112 111 48 142 5 215 2 	43.2118
[EMPTY]
[EMPTY]
[EMPTY]
[EMPTY]
